537
1090
0 476 1
1 106 1
1 414 3
1 55 1
2 88 1
2 92 1
2 147 1
2 93 1
3 319 3
4 339 1
4 282 1
5 34 1
6 9 1
6 280 1
7 187 1
8 484 1
9 262 1
9 100 1
10 33 1
11 279 1
11 392 3
11 14 1
12 35 1
12 311 1
12 307 1
13 465 1
13 368 1
13 392 5
14 368 1
14 311 1
14 11 1
15 152 1
15 156 1
15 155 1
16 22 1
16 74 1
17 62 1
17 170 1
17 59 1
18 1 1
18 284 1
18 298 1
18 56 1
19 191 1
19 146 1
19 169 1
20 26 1
20 76 1
21 26 1
22 153 1
22 24 1
22 16 1
23 24 1
23 406 1
23 155 1
24 22 1
25 26 1
25 76 1
26 20 1
26 21 1
26 25 1
27 28 1
27 31 3
28 394 1
29 181 1
29 277 1
30 28 1
30 31 3
31 466 1
32 277 3
34 5 1
34 315 1
35 5 1
35 12 1
36 205 3
36 337 3
36 203 5
36 192 3
37 85 1
37 47 1
38 230 1
38 383 5
38 249 3
39 232 1
40 380 1
40 200 1
40 243 1
40 43 1
41 239 1
41 46 1
41 198 1
42 216 1
42 490 1
43 384 1
43 40 1
43 166 1
43 217 1
44 137 1
44 134 1
44 255 1
45 461 1
45 168 1
46 188 1
46 41 1
46 524 1
47 37 1
47 208 1
47 72 1
47 323 1
48 482 1
48 49 1
49 84 1
50 373 1
51 50 1
51 55 1
51 141 3
52 105 1
52 452 1
53 201 1
54 536 1
54 301 1
54 414 1
54 158 1
55 399 1
55 1 1
55 51 3
56 18 1
56 157 1
57 325 1
57 157 1
58 57 1
58 430 1
59 432 1
59 17 1
59 170 1
60 291 1
60 61 1
61 438 1
61 350 1
62 407 1
62 17 1
62 433 1
63 293 1
63 411 1
63 64 1
64 171 1
64 63 1
65 292 1
66 67 1
66 350 1
66 331 1
67 66 1
68 69 1
68 397 1
69 70 1
70 71 1
71 68 1
72 73 1
72 47 3
73 72 1
73 104 1
74 186 1
74 426 1
74 16 1
75 334 3
76 75 1
76 16 1
77 467 1
78 138 1
78 341 3
79 126 1
79 82 1
80 77 1
80 81 1
81 77 1
81 507 1
82 49 1
82 98 1
83 141 3
83 93 1
84 125 1
85 467 1
85 37 1
85 81 1
86 87 1
86 37 1
87 108 1
87 483 1
88 90 1
89 83 3
89 88 1
90 503 1
90 78 1
91 89 1
92 124 1
92 147 1
92 2 1
92 391 3
93 149 1
93 83 3
93 2 1
94 149 1
94 95 1
94 150 1
95 94 1
95 404 1
96 149 1
96 404 1
97 147 1
97 387 1
97 403 1
98 91 1
99 478 1
99 111 3
100 159 1
100 312 1
101 188 1
101 205 1
101 102 1
102 103 1
102 104 1
103 102 1
103 189 1
104 501 1
104 73 1
105 173 1
105 52 1
106 413 1
106 1 1
106 451 1
106 105 1
107 109 1
108 107 1
109 224 1
109 165 1
110 108 1
111 366 1
111 361 1
112 314 1
112 377 1
113 112 1
113 280 1
114 115 1
114 337 1
114 360 1
115 114 1
116 117 1
116 206 1
117 131 1
117 119 1
118 116 1
119 282 1
119 118 1
119 117 1
120 121 1
120 122 1
120 449 1
121 120 1
122 123 1
122 84 1
122 139 1
122 120 3
123 122 1
124 159 1
124 265 1
124 263 1
125 50 1
125 142 1
126 80 1
126 143 1
127 6 1
127 365 1
128 129 1
128 130 1
128 326 1
128 144 1
129 128 1
129 355 1
129 130 1
130 132 1
130 129 1
130 128 1
131 358 1
131 132 1
131 117 1
132 130 1
132 206 1
132 131 1
133 270 1
133 267 1
134 45 1
134 167 1
135 167 1
135 211 1
135 381 1
136 381 1
136 210 1
137 44 1
137 228 1
138 456 1
139 140 1
139 482 1
139 122 1
140 139 1
141 142 1
141 83 1
141 51 1
142 98 1
143 126 1
144 354 1
144 333 1
144 128 1
145 351 1
145 8 1
146 107 1
146 86 1
147 97 1
147 148 1
147 2 1
148 147 1
149 94 1
149 93 1
150 151 1
150 322 1
150 94 1
151 285 1
151 150 1
151 517 1
152 15 1
152 153 1
152 267 1
153 155 1
153 22 1
154 409 1
154 133 1
155 153 1
155 15 1
155 23 1
156 15 1
157 57 1
157 56 1
158 301 1
158 54 1
158 446 1
159 100 1
159 262 3
159 124 1
160 332 1
161 331 1
161 439 1
162 163 1
162 439 1
162 441 1
163 162 1
164 174 1
164 29 1
165 382 1
165 227 1
166 382 1
166 43 1
166 19 1
167 135 1
167 134 1
168 508 1
168 167 1
169 244 1
169 208 1
169 19 1
170 59 1
170 330 1
171 408 1
171 428 1
172 430 1
172 330 1
173 258 1
173 536 3
173 105 1
174 176 1
174 175 1
174 164 1
175 174 1
176 335 1
176 174 1
176 177 1
177 176 1
178 335 1
179 335 1
179 180 1
180 179 1
180 423 1
181 29 1
181 183 1
181 182 1
182 181 1
183 181 1
183 184 1
184 185 1
184 30 5
185 409 1
185 290 1
186 74 1
186 154 1
187 216 1
187 206 1
187 45 1
188 46 1
188 101 1
188 241 1
189 242 1
189 103 1
190 103 1
190 459 1
191 19 1
191 380 1
191 416 1
192 502 1
192 193 1
192 36 1
193 192 1
194 195 1
194 249 1
194 198 1
195 197 1
195 196 1
195 194 1
196 195 1
197 195 1
198 245 1
198 194 1
198 41 1
199 200 1
199 247 1
200 40 1
200 525 1
201 526 1
201 53 1
201 202 1
202 201 1
203 455 1
203 36 1
203 536 5
204 360 1
204 471 1
205 504 1
205 101 1
205 36 1
206 462 1
206 132 1
206 187 1
207 208 1
208 207 1
208 47 1
208 169 1
209 228 1
209 210 1
210 489 1
210 209 1
210 136 1
211 469 1
211 135 1
211 508 1
212 137 1
212 213 1
213 214 1
213 212 1
213 215 1
214 213 1
215 213 1
216 42 1
216 187 1
216 217 1
216 221 1
217 385 1
217 43 1
218 219 1
218 385 1
218 255 1
219 218 1
220 391 3
221 216 1
222 490 1
223 225 1
223 227 1
223 226 1
224 420 1
225 224 1
225 226 1
226 225 1
226 223 1
226 491 1
227 384 1
227 165 1
227 223 1
228 229 1
228 209 1
228 137 1
229 228 1
230 369 1
230 38 3
230 231 1
231 230 1
232 39 1
232 369 1
232 233 1
233 232 1
234 235 1
234 528 1
234 524 1
235 234 1
236 524 1
236 237 1
236 527 1
237 238 1
237 236 1
237 500 1
238 237 1
239 240 1
239 41 1
239 243 1
240 239 1
240 242 1
241 189 1
241 240 1
242 243 1
242 189 1
243 242 1
243 239 1
243 40 1
244 169 1
245 247 1
245 246 1
245 198 1
246 199 1
247 245 1
247 246 1
248 525 1
248 251 1
248 493 1
249 250 1
249 38 1
249 194 1
250 249 1
251 525 1
251 252 1
251 248 1
252 253 1
252 378 1
253 254 1
253 254 1
255 218 1
255 44 1
255 511 1
256 383 1
257 258 1
258 173 1
258 259 1
258 257 1
259 258 1
259 261 1
259 260 1
260 259 1
261 259 1
262 127 1
263 264 1
263 262 1
264 266 1
264 265 1
265 99 1
266 264 1
267 268 1
267 152 1
268 269 1
268 267 1
268 271 1
269 268 1
270 271 1
270 422 1
271 270 1
271 268 1
271 272 1
272 271 1
273 466 1
274 275 1
274 164 1
275 274 1
276 32 1
276 495 1
277 278 3
277 29 1
278 277 1
279 10 1
280 113 1
280 35 1
281 315 1
281 371 1
282 119 1
282 4 1
282 283 1
283 317 1
283 328 1
284 157 1
284 64 1
285 151 1
285 498 1
285 447 1
286 487 1
287 372 1
287 288 1
287 371 1
288 287 1
289 488 1
289 389 1
290 186 1
290 396 1
291 60 1
291 432 1
291 292 1
292 350 1
292 65 1
292 291 1
293 457 1
293 294 1
293 63 1
294 293 1
294 296 1
294 295 1
295 294 1
296 294 1
297 534 1
297 299 1
297 298 1
298 297 1
298 446 1
298 18 1
299 297 1
299 401 1
299 534 1
300 301 1
300 302 1
300 305 1
301 300 1
301 158 1
301 54 1
302 300 1
303 306 1
303 523 1
304 530 1
305 530 1
305 441 1
305 300 1
306 521 1
306 303 1
307 308 1
307 12 1
307 376 1
308 313 1
308 309 1
308 307 1
309 308 1
309 310 1
310 13 3
311 12 1
311 14 1
311 309 1
312 310 1
312 313 1
313 308 1
313 312 1
313 314 1
314 313 1
314 9 1
315 316 1
315 281 1
315 34 1
316 315 1
317 328 1
317 283 1
317 318 1
318 317 1
319 320 1
319 461 1
320 319 1
321 487 3
321 371 1
322 95 1
323 48 1
323 47 1
324 58 1
325 406 1
325 472 1
326 359 1
326 357 1
326 128 1
327 353 1
328 317 1
328 356 1
328 283 1
329 330 1
329 402 1
330 172 1
330 170 1
331 160 1
332 520 1
332 161 1
333 145 1
333 144 1
334 30 1
334 185 5
335 179 1
335 176 1
335 178 1
336 10 1
337 499 1
337 36 1
337 114 1
338 339 1
339 338 1
339 4 1
340 368 1
341 478 1
341 138 1
342 343 1
342 343 1
343 344 1
344 470 1
345 27 1
346 516 1
346 347 1
346 536 1
347 346 1
348 349 1
348 347 1
349 348 1
350 292 1
350 66 1
350 61 1
351 145 1
352 353 1
352 353 1
352 357 1
353 352 1
353 327 1
354 144 1
355 129 1
355 358 1
355 358 1
356 281 1
356 359 1
357 352 1
357 326 1
357 359 1
358 355 1
358 131 1
359 326 1
359 357 1
359 356 1
360 204 3
360 114 3
360 526 1
361 0 1
361 111 1
362 0 1
362 361 1
363 364 1
363 474 1
364 475 1
364 477 1
365 366 1
365 464 1
366 127 1
366 365 1
367 405 1
367 496 1
368 13 3
368 14 1
368 340 1
369 232 1
369 230 1
369 370 1
370 369 1
371 287 1
371 321 1
371 281 1
372 287 1
373 450 1
374 375 1
374 379 1
374 416 1
375 379 1
375 374 1
375 40 1
376 307 1
377 112 1
378 252 1
379 375 1
379 374 1
380 40 1
380 191 1
380 379 1
381 212 1
381 135 1
382 166 1
382 165 1
383 493 1
383 256 1
383 38 1
384 382 1
384 43 1
384 227 1
385 386 1
385 217 1
385 218 1
386 385 1
387 97 1
387 388 1
388 389 1
388 387 1
389 405 1
389 220 1
389 388 1
390 464 1
390 6 1
391 392 1
391 465 3
391 92 1
392 391 1
392 367 1
393 394 1
394 393 1
394 274 1
395 396 1
396 421 1
396 395 1
396 290 1
397 69 1
397 526 1
398 79 1
398 478 1
399 480 1
399 51 3
400 423 1
401 299 1
402 473 1
402 329 1
402 479 1
403 97 1
404 95 1
404 96 1
405 488 1
406 480 1
406 325 1
406 23 1
407 62 1
408 171 1
409 410 1
409 289 1
410 183 1
410 184 1
411 412 1
411 63 1
411 438 1
412 411 1
413 106 1
414 54 1
414 1 1
414 415 1
415 414 1
416 417 1
416 374 1
417 190 1
417 418 1
418 417 1
419 7 1
419 110 1
420 110 1
420 7 1
421 396 1
422 448 1
422 322 1
423 400 1
423 180 1
423 424 1
424 423 1
425 426 1
426 75 1
426 425 1
427 430 1
427 428 1
427 429 1
428 429 1
428 427 1
429 172 1
429 427 1
430 172 1
430 427 1
430 58 1
431 432 1
432 291 1
432 59 1
432 431 1
433 435 1
433 60 1
434 435 1
435 434 1
435 436 1
435 433 1
436 435 1
437 438 1
438 411 1
438 61 1
438 437 1
439 161 1
439 162 1
439 440 1
440 439 1
441 162 1
441 305 1
441 442 1
442 443 1
442 444 1
442 441 1
443 442 1
444 442 1
445 446 1
446 445 1
446 158 1
446 298 1
447 285 1
448 422 1
449 373 1
449 120 1
450 449 1
450 452 1
451 106 1
451 52 1
452 451 1
452 450 1
453 454 1
454 342 1
454 453 1
455 454 1
455 497 1
456 398 1
456 503 1
457 293 1
457 529 1
457 18 1
458 459 1
459 458 1
459 460 1
459 190 1
460 459 1
461 118 3
462 419 1
462 8 3
463 484 1
463 419 1
464 390 1
464 463 1
465 13 1
465 159 1
466 334 3
467 85 1
467 463 3
468 514 3
469 211 1
470 471 1
470 204 1
471 470 1
471 344 1
472 479 1
472 324 1
473 402 1
474 363 1
475 364 1
476 363 1
476 477 1
477 362 1
478 341 1
478 99 1
478 398 1
479 402 1
479 324 1
480 56 1
480 406 1
481 3 5
482 323 1
482 139 1
483 87 1
484 486 1
484 485 1
485 487 1
485 321 1
486 463 1
486 390 1
487 485 1
487 486 3
487 286 1
488 289 1
488 410 1
489 210 1
490 222 1
490 491 1
491 226 1
491 42 1
492 494 1
492 494 1
493 383 1
493 512 1
493 248 1
494 492 1
494 492 1
494 495 1
495 494 1
495 496 1
496 33 1
497 455 1
498 285 1
499 337 1
500 237 1
501 104 1
501 502 1
501 505 1
502 501 1
502 192 1
503 91 1
503 456 1
504 205 1
505 506 1
505 522 1
505 501 1
506 505 1
506 502 1
507 81 1
508 211 1
509 511 1
510 511 1
511 509 1
511 510 1
511 255 1
512 493 1
513 220 1
514 468 1
514 523 1
514 516 1
515 516 1
516 346 1
516 515 1
516 514 1
517 152 1
517 518 1
518 517 1
519 533 1
519 520 1
520 521 1
520 332 1
521 520 1
521 306 1
521 519 1
522 505 1
523 303 1
523 530 1
523 514 1
524 236 1
524 234 1
524 46 1
525 251 1
525 248 1
525 200 1
526 201 1
526 360 1
526 397 1
527 236 1
528 234 1
529 457 1
530 304 1
530 305 1
530 523 1
531 532 1
532 531 1
532 20 1
533 519 1
534 297 1
534 535 1
534 299 1
535 534 1
536 346 3
536 54 5
536 173 1
536 203 1
